607
303
144
487
215
580
122
115
501
90
368
323
197
439
35
483
61
100
279
219
74
360
353
497
447
140
372
72
88
341
594
82
189
175
164
49
307
412
242
107
347
112
604
381
371
284
45
25
329
80
427
620
160
39
516
621
461
570
28
633
600
212
579
571
610
495
237
281
161
155
555
502
134
199
59
380
201
102
383
209
7
0
593
498
528
418
394
536
276
103
106
44
415
541
608
239
459
83
6
225
561
455
250
291
480
266
109
369
232
338
73
364
127
413
259
318
540
519
337
373
231
472
64
96
15
38
453
273
404
186
522
325
351
148
66
488
512
558
596
614
255
442
278
118
132
518
26
414
9
180
113
609
577
315
137
563
391
524
587
525
310
479
496
452
328
89
437
575
68
445
511
254
627
576
569
147
292
205
425
624
365
486
521
2
274
190
169
464
320
194
363
545
183
184
187
631
60
34
362
293
509
213
17
152
346
151
482
573
168
226
506
262
529
402
229
138
36
542
159
228
622
13
299
467
23
311
10
87
246
178
75
24
210
629
126
282
468
549
618
191
336
301
251
448
370
440
599
398
71
198
423
595
538
601
153
173
520
18
272
568
397
471
503
574
556
289
384
245
350
583
591
145
422
216
156
547
47
491
339
582
57
449
515
510
333
508
166
130
78
419
411
285
410
19
195
605
456
632
623
476
51
481
326
544
123
388
376
271
319
182
79
92
302
235
207
553
165
327
287
531
54
84
334
220
14
429
478
431
298
98
143
294
562
458
565
424
128
244
504
578
386
537
377
361
257
382
554
119
267
366
3
330
559
249
379
12
203
493
405
110
426
141
433
560
139
283
296
625
407
432
588
313
214
421
288
526
163
94
93
535
446
179
517
53
31
5
451
436
204
211
218
572
117
97
286
105
222
416
11
349
62
619
256
174
314
1
598
56
136
597
63
463
626
27
233
548
43
387
16
158
185
475
149
532
552
308
567
408
635
355
264
135
499
300
111
417
234
108
628
358
434
527
406
477
22
37
306
20
4
91
344
193
357
340
606
248
564
172
167
335
41
188
505
589
465
474
70
230
615
77
50
95
243
224
192
590
612
534
500
550
443
630